-2.499989493403792229e-01 -1.978624353921370760e-01 1.003259682647131149e-03
-2.454243484326910363e-01 1.997296837536974290e-01 -1.999658710016797014e-01
2.484047059895200249e-01 1.992282465754329768e-01 -1.999177462873870104e-01
-2.445354976235458166e-01 -1.987978902015747895e-01 -1.999727268802292957e-01
-2.487702323775419222e-01 1.999710516492860801e-01 -1.999518888400255712e-01
-2.476275442606539756e-01 -1.998818032050367621e-01 -1.999843986252414219e-01
-2.466669387618184994e-01 -1.999000909591918118e-01 -9.052231548520177362e-02
-2.498819427072709876e-01 1.165121257979648828e-01 1.994445121137455312e-01
2.499997791101203626e-01 -1.974578930723046022e-01 9.845470051689293733e-03
2.492494180496723499e-01 -1.984206216443300252e-01 1.999988238670001583e-01
2.499998862477817441e-01 -1.997097271557663756e-01 1.070737053021549598e-03
2.455475632898493354e-01 -1.989001003571218285e-01 -1.996604829611896004e-01
-2.469664081583641535e-01 9.103798856803267192e-04 1.999993081173370157e-01
2.487840414862662886e-01 1.991466011397704516e-01 1.999542787511166264e-01
-2.460030000197830080e-01 1.997637571565293868e-01 -1.999976279234025878e-01
2.450874671946403627e-01 -1.999909640357998564e-01 -1.999996110900321977e-01
