-2.498589777250297128e-01 -1.978624353921370760e-01 4.661681224454954878e-05
-2.498128388799467914e-01 1.997296837536974290e-01 -1.170732428558602795e-01
2.499908481791822679e-01 1.992282465754329768e-01 4.920913770521700981e-02
-2.496510383475366579e-01 -1.987978902015747895e-01 1.168314859271693401e-01
-2.489803913259326096e-01 1.999710516492860801e-01 1.592105900863458046e-01
-2.479928152652718099e-01 -1.998818032050367621e-01 9.902160512457482133e-02
-1.717011213597933184e-01 -1.999000909591918118e-01 -1.534569582957414280e-03
-2.494955783730301302e-01 1.165121257979648828e-01 7.467314035562232916e-03
2.499033447142408049e-01 -1.974578930723046022e-01 -2.579987334013563068e-04
2.497215382961709418e-01 -1.984206216443300252e-01 -1.071933435256794270e-01
2.499400609484621616e-01 -1.997097271557663756e-01 1.107457552435334781e-05
2.480219379835087723e-01 -1.989001003571218285e-01 -1.227486493302123449e-01
-2.499929848352095973e-01 9.103798856803267192e-04 1.361976518556668736e-01
2.498628770714798886e-01 1.991466011397704516e-01 8.493585312929560760e-02
-2.488071603002004473e-01 1.997637571565293868e-01 1.800900980417665109e-01
2.484873471342361195e-01 -1.999909640357998564e-01 1.996938522289320173e-01
