8.865844724739336868e+01 8.319485082062519155e+01 1.201384499093193199e+02
8.874234996057479918e+01 -8.784045402643691602e+01 1.189818743855374663e+02
8.829142123404827203e+01 8.622571274877738290e+01 -1.205005880876576327e+02
-8.446590594072384306e+01 -8.684186429642288374e+01 -1.103810335732411829e+02
8.377849248237339452e+01 8.961654845161403671e+01 -1.173063738751235547e+02
8.798420824002080565e+01 -8.949270827759386293e+01 -1.201384499093193199e+02
-8.692999393176725675e+01 3.970838895756996578e-01 1.206211866788592033e+02
3.287118339571994596e-01 -8.586045060059494460e+01 -1.148999247475805987e+02
8.697417654800179321e+01 -8.884527834030311055e+01 1.205294490614904106e+02
9.054587060253842878e+01 -8.842705958906627473e+01 1.213632845628412156e+02
-8.413560423728100091e+01 9.004172501021088237e+01 1.121522323701975523e+02
-8.468165580486714816e+01 8.529336429865641378e+01 1.097633079062122476e+02
-8.581943795140936970e+01 8.884527834030311055e+01 -1.205294490614904106e+02
8.916837731173792747e+01 -8.907199918299613728e+01 -1.226831371270116904e+02
8.260596930013184647e+01 8.983142726357975505e+01 -1.215286656437138504e+02
-8.423053843402810514e+01 -8.537940632358311177e+01 -1.121522323701975523e+02
