-2.499989493403792229e-01 -3.998746179230027917e-04 6.045072344117602978e-04 2.916258942141382662e-02 -1.978624353921370760e-01 6.239425856181280843e-06 2.120544649251787563e-03 -1.999862414277534806e-01 1.003259682647131149e-03 0.000000000000000000e+00 0.000000000000000000e+00 0.000000000000000000e+00 0.000000000000000000e+00 0.000000000000000000e+00 0.000000000000000000e+00
-2.454243484326910363e-01 1.439076795538093859e-04 -4.761164234689703456e-02 1.038190987394485738e-02 1.997296837536974290e-01 -5.190135039658703639e-04 -3.055998351397238818e-05 3.694523058121610293e-03 -1.999658710016797014e-01 0.000000000000000000e+00 0.000000000000000000e+00 0.000000000000000000e+00 0.000000000000000000e+00 0.000000000000000000e+00 0.000000000000000000e+00
2.484047059895200249e-01 -3.162284951590906457e-05 2.819753610256579140e-02 -1.753372002718921879e-02 1.992282465754329768e-01 8.212359506340651937e-04 -1.594646863277028712e-04 5.733174546948732568e-03 -1.999177462873870104e-01 0.000000000000000000e+00 0.000000000000000000e+00 0.000000000000000000e+00 0.000000000000000000e+00 0.000000000000000000e+00 0.000000000000000000e+00
-2.445354976235458166e-01 6.042965027703176093e-04 5.198100833709905222e-02 2.183393611014490532e-02 -1.987978902015747895e-01 -1.636485667743879527e-03 -6.103031754435135322e-04 3.245925772297599335e-03 -1.999727268802292957e-01 0.000000000000000000e+00 0.000000000000000000e+00 0.000000000000000000e+00 0.000000000000000000e+00 0.000000000000000000e+00 0.000000000000000000e+00
-2.487702323775419222e-01 -1.068776168705540871e-03 -2.474326575707000431e-02 -2.322098484609316088e-03 1.999710516492860801e-01 2.487239615786549386e-03 2.728550701375465569e-04 -4.378093125638901628e-03 -1.999518888400255712e-01 0.000000000000000000e+00 0.000000000000000000e+00 0.000000000000000000e+00 0.000000000000000000e+00 0.000000000000000000e+00 0.000000000000000000e+00
-2.476275442606539756e-01 4.783091069237043781e-04 3.435652112534214042e-02 6.852305670850075518e-03 -1.998818032050367621e-01 5.573638813158914235e-04 7.126583341252475904e-05 2.497043788469989825e-03 -1.999843986252414219e-01 0.000000000000000000e+00 0.000000000000000000e+00 0.000000000000000000e+00 0.000000000000000000e+00 0.000000000000000000e+00 0.000000000000000000e+00
-2.466669387618184994e-01 -3.955664141570230594e-03 4.049412356222042986e-02 -6.319060163461361242e-03 -1.999000909591918118e-01 1.520301200134090071e-04 -2.125621086654261874e-05 1.783415541800931758e-01 -9.052231548520177362e-02 0.000000000000000000e+00 0.000000000000000000e+00 0.000000000000000000e+00 0.000000000000000000e+00 0.000000000000000000e+00 0.000000000000000000e+00
-2.498819427072709876e-01 7.547576082562194779e-04 7.644936219022611425e-03 -1.625529277818815455e-01 1.165121257979648828e-01 -1.212522815292998426e-03 1.205924800172540265e-02 -8.744205243639448580e-03 1.994445121137455312e-01 0.000000000000000000e+00 0.000000000000000000e+00 0.000000000000000000e+00 0.000000000000000000e+00 0.000000000000000000e+00 0.000000000000000000e+00
2.499997791101203626e-01 -3.302197467916381628e-04 -3.741403258489618461e-05 -3.178648238957180322e-02 -1.974578930723046022e-01 8.624153821967214892e-07 -1.437716863294698222e-02 1.992394633137750115e-01 9.845470051689293733e-03 0.000000000000000000e+00 0.000000000000000000e+00 0.000000000000000000e+00 0.000000000000000000e+00 0.000000000000000000e+00 0.000000000000000000e+00
2.492494180496723499e-01 -1.783558944026121355e-04 -1.935706049674380119e-02 -2.507934945950169095e-02 -1.984206216443300252e-01 5.321061602919525263e-04 -7.159287036824344861e-05 6.821482812074577528e-04 1.999988238670001583e-01 0.000000000000000000e+00 0.000000000000000000e+00 0.000000000000000000e+00 0.000000000000000000e+00 0.000000000000000000e+00 0.000000000000000000e+00
2.499998862477817441e-01 -8.296885742108394421e-05 -2.235895008586662853e-04 1.077148449221288981e-02 -1.997097271557663756e-01 -1.096982558617293347e-06 3.245237899669510540e-03 -1.999708027516463038e-01 1.070737053021549598e-03 0.000000000000000000e+00 0.000000000000000000e+00 0.000000000000000000e+00 0.000000000000000000e+00 0.000000000000000000e+00 0.000000000000000000e+00
2.455475632898493354e-01 -1.471799453227496746e-03 -4.694920626365176736e-02 -2.085308152394351605e-02 -1.989001003571218285e-01 -1.974606006936688481e-03 1.718504338681438618e-04 -1.164740362196237111e-02 -1.996604829611896004e-01 0.000000000000000000e+00 0.000000000000000000e+00 0.000000000000000000e+00 0.000000000000000000e+00 0.000000000000000000e+00 0.000000000000000000e+00
-2.469664081583641535e-01 -4.050040557868734596e-06 3.882773782946239566e-02 1.997808310660545983e-01 9.103798856803267192e-04 9.316155162957960936e-03 4.860559092600055526e-04 -2.012516821237029553e-04 1.999993081173370157e-01 0.000000000000000000e+00 0.000000000000000000e+00 0.000000000000000000e+00 0.000000000000000000e+00 0.000000000000000000e+00 0.000000000000000000e+00
2.487840414862662886e-01 1.250775616631324212e-04 -2.462691733374912026e-02 -1.844221208063628534e-02 1.991466011397704516e-01 7.183787650079807765e-04 7.380782839299507617e-05 4.275624109438120463e-03 1.999542787511166264e-01 0.000000000000000000e+00 0.000000000000000000e+00 0.000000000000000000e+00 0.000000000000000000e+00 0.000000000000000000e+00 0.000000000000000000e+00
-2.460030000197830080e-01 -3.661759606790611463e-04 4.452403728810369610e-02 9.718065269518225135e-03 1.997637571565293868e-01 -2.311113428878549809e-05 1.666208393023480943e-05 9.739339747530328072e-04 -1.999976279234025878e-01 0.000000000000000000e+00 0.000000000000000000e+00 0.000000000000000000e+00 0.000000000000000000e+00 0.000000000000000000e+00 0.000000000000000000e+00
2.450874671946403627e-01 1.284358726908568478e-03 -4.929993759404461412e-02 1.704798492610849888e-03 -1.999909640357998564e-01 -8.414072325613371206e-04 -1.669181213388379743e-05 3.940624560716397460e-04 -1.999996110900321977e-01 0.000000000000000000e+00 0.000000000000000000e+00 0.000000000000000000e+00 0.000000000000000000e+00 0.000000000000000000e+00 0.000000000000000000e+00
