8.284394925593057124e-01 -2.783749163726852160e-02 -2.002374834511657601e-03 1.583203993455543523e+00
1.007538025405625870e+00 3.889366082777812039e-02 1.954635516498747227e-01 1.973183735890444268e+00
-1.014903141999660141e+00 8.505828166282496453e-03 1.152056253740441905e-01 1.956095397760728494e+00
8.714229587740563998e-01 -4.523992431350300214e-02 -1.852379952715362266e-01 1.692479328747318323e+00
-8.783215317941461819e-01 7.927276291746304659e-02 -8.715435043208677457e-02 1.694944480278865129e+00
-1.024884014801381138e+00 -1.303325058279534432e-01 -1.418583232560924889e-01 1.983633657917168502e+00
-1.037552113401703169e+00 1.095417695042773198e+00 1.699277954915643929e-01 3.362388131051179396e+00
-1.862850711587012764e+00 -1.182061796519888741e-01 5.685886571826563596e-02 4.658433185378120456e+00
8.510249461947784200e-01 -2.376060401055776067e-02 -1.265279495245965940e-04 1.623012975543877801e+00
-9.897446637353841670e-01 -4.673747552462372001e-02 -7.686472643126010529e-02 1.915197721163055977e+00
-1.062967373181956221e+00 2.328125063702197323e-02 9.513569855290436713e-04 2.055386915693981020e+00
-8.680159839253414056e-01 -1.095621808379985407e-01 1.659633926834816475e-01 1.718704177021900703e+00
8.570572144218200350e-01 2.996696152187911335e-04 1.350619174925244415e-01 1.657717548361216764e+00
-1.013361794429260776e+00 3.362127330052441798e-02 -1.005479297391574378e-01 1.930523072029701748e+00
1.095285006157504348e+00 1.075894405748119148e-01 -1.987026335116546805e-01 2.119054127934746568e+00
8.705338467746632780e-01 -9.606437387747111811e-02 -1.755216557038735137e-01 1.714021904146103115e+00
-1.294722997757763727e-01 -8.784686378658375094e-01 -5.804564404815104519e-04 1.712116801409018230e+00
-5.325668062248951895e-02 1.024612858424378770e+00 1.752884089366490983e-01 1.985770177049376972e+00
9.130221043934899638e-02 1.037461617754388055e+00 -2.815457806319724421e-01 2.072826056447588439e+00
-9.334467797213301388e-02 -8.499281415714683430e-01 -1.469815029486463143e-01 1.647122281898310225e+00
-9.542044204053365744e-03 8.196920301901096106e-01 -2.146877637211799805e-01 1.625678551024333451e+00
3.454773518690144873e-02 -1.005375798286703981e+00 1.850055677619758254e-01 1.960658767019950899e+00
-7.053705837092580366e-02 2.226294175395766128e+00 1.117300050969514957e-01 4.390668132135971291e+00
-1.195529802734916824e+00 -8.548312975941492198e-01 -1.873265412239037420e-01 4.149098583406749974e+00
-1.352182851519342088e-01 8.399874394607443895e-01 -8.045371044720296314e-05 1.605913019784731777e+00
1.301896964828355430e-01 1.030046254354834101e+00 -1.822884472945130729e-01 1.987974135622361027e+00
-5.457257067503733239e-02 9.991151958671891098e-01 3.587479502257957527e-04 1.926033146127401396e+00
8.991733200382348579e-02 -8.576892594809450987e-01 1.793043017097507852e-01 1.712781981153130184e+00
-1.107297015777377602e-01 -5.030882323738200068e-04 1.087291660211945621e-01 2.820599998635991978e-01
9.375564333245696436e-02 1.014833749270165342e+00 2.410104465962844278e-01 1.991941091483028892e+00
-4.878641417663391600e-02 1.005197309863772093e+00 -7.653932234424369249e-03 1.917598813080199083e+00
7.323129000536635243e-03 -8.608942878683685240e-01 7.609458320447894109e-02 1.661671321826839964e+00
-9.742281401548065836e-03 -4.373153857897375818e-02 -2.182761156559346401e-04 1.074681680862069472e-01
7.674651604127467885e-03 1.408994711860879837e-02 7.626152091487206075e-01 1.439824043404335452e+00
-3.970616699498835667e-02 2.168244831373416365e-02 -7.560867862136657624e-01 1.419689247184002134e+00
-4.306947650030773511e-02 1.090511334155172540e-02 6.717553711730093191e-01 1.272807326879731971e+00
1.843530498352102115e-02 1.407975761102002454e-02 -6.415819572603425058e-01 1.191740790295924723e+00
1.774361099572688977e-02 -9.442129985938154529e-03 7.544212636641194347e-01 1.431833664712897747e+00
1.172309328555617286e-02 1.494140464850048255e+00 -7.565805928350372023e-01 3.875749944822096005e+00
-8.201696404572930144e-01 -2.841160090293059354e-02 6.464684512412799400e-01 4.712661010208407220e+00
2.082247709565875765e-02 -1.370342751539165363e-02 6.778025040127846597e-04 5.131098288172210309e-02
-1.784282853655324089e-02 -2.567179783887341919e-03 7.552755412109870559e-01 1.415692122807641118e+00
-2.128838187691236769e-02 1.987616574451551987e-02 -1.038861064862742673e-04 7.182243526661805100e-02
-1.240116114645973232e-02 -3.977598995121049696e-02 6.818109274151276100e-01 1.288830677515448775e+00
3.183930729168233525e-02 -6.270643800386641519e-04 6.236033251420621815e-01 1.165195755696296631e+00
1.808020538031170771e-02 -1.587136737421791094e-02 7.439492477985979457e-01 1.396906705435384755e+00
-4.124287432353758616e-03 -3.654993808188690928e-03 7.520669081655141364e-01 1.409074248429889931e+00
-1.173648856651263823e-03 -1.310683172188483944e-03 -6.689585373575501759e-01 1.249241917912219835e+00
