-2.759662116233475899e+04 2.319313700924704608e+05 -2.990956740205716342e+06 -1.947403343475760994e+04 2.258531995400826563e+05 -3.012960539127608296e+06 -3.786378462665899424e+05 4.999328252255491912e+06 -6.452047442965428531e+07
-9.350280024191870325e+03 3.595520702891403744e+02 1.662054527848379394e+03 2.304790222934550172e+02 7.849779447682861246e+03 -1.862289826592981626e+03 -6.855348930149678210e+01 2.459959507299607253e+02 -9.687532150982608073e+03
-9.272840503040333715e+03 2.881654467127336261e+02 -1.360823183431450616e+03 -7.109047158994189886e+02 -7.648573460100999000e+03 2.319198891183643354e+03 -3.850910423657740012e+02 -3.240994176727937202e+02 9.955070166771220102e+03
9.588536491229409876e+03 -6.597376821147133796e+02 1.317943103536669241e+03 6.580225498503182280e+02 8.325802370885388882e+03 1.249732078924389498e+03 -8.937915724935235176e+02 -1.268891227412040053e+02 9.350576822749053463e+03
-9.444601509753501887e+03 5.355135894503097234e+02 1.300534021294221816e+02 -2.455873533671624216e+02 -8.321927491386730253e+03 1.880533198972708533e+03 -2.264346137957022052e+02 3.639604981324886808e+02 1.023835096986460121e+04
-9.412978583057481956e+03 1.196515138308237511e+03 -1.551107318457428619e+03 2.549366047058336449e+02 7.887965056478684346e+03 -1.892774966741304979e+03 -1.744195775689024117e+02 -2.441610041553555561e+02 9.667436088574128007e+03
9.812961893622643402e+03 -8.033193903196606698e+03 4.314875162845959267e+02 2.187914865556161104e+01 -2.699343605734109133e+03 -4.925033237824096091e+02 -8.736939659921158636e+02 1.066280207106775197e+04 -8.620685893400210261e+03
2.953702585567536516e+03 -7.885854996546694338e+02 3.803415125004562469e+01 -1.580798068591824267e+04 9.866101051266030481e+03 4.087417957649794971e+03 -1.752284891099324886e+04 2.005941640889359860e+03 1.163378562949495608e+04
-3.113717426131252068e+03 -7.578825419759589749e+03 -2.639992400092116441e+05 9.077896950473132165e+03 8.322615447332054828e+02 -2.743133990938563948e+05 -1.496596286017972161e+05 1.627184337034274358e+05 5.844817492744558491e+06
-9.476144962009291703e+03 -8.177393218639322185e+02 -9.246221885493569062e+02 1.068258790816428927e+03 8.118821356529628247e+03 2.128975491446718479e+03 4.197838256720064010e+02 -2.712946771542156057e+02 -9.949809206744115727e+03
3.253365638103665333e+03 -3.719008423477457200e+03 1.193699196003634570e+05 -5.320413245822143836e+03 -1.092820506976398065e+04 1.118929121976069291e+05 -3.024154206765649142e+05 -1.855605747284486424e+05 6.724039867506903596e+06
9.177293625988444546e+03 -1.594155902975887784e+03 -1.890307818252159905e+03 -2.500922930505422812e+02 -7.802569879344173387e+03 1.623113654824087007e+03 2.867972186575715909e+02 2.668242178604679680e+02 -9.583863066065889143e+03
6.741705998005278525e+04 4.017206943383587641e+05 -6.265903449432263005e+04 -1.116532936261768220e+06 -7.767993967836578377e+06 1.195766545555232558e+06 -5.380766449059460138e+04 -3.676224516748017631e+05 6.726404651339717384e+04
-9.749828690481323065e+03 2.966932988937926297e+01 -1.007790014328929374e+03 1.139372572291779989e+03 7.897637567958634463e+03 -1.920188650900487346e+03 5.440937690754132063e+02 3.082588158113471763e+02 9.994892222656179001e+03
-9.022496665665967157e+03 5.769070335218915488e+02 -2.143373540376579058e+03 -8.056770227163722211e+02 -7.946308338546115920e+03 -3.814720120389976046e+02 1.413790983359604070e+01 1.772701568177998297e+02 9.916607533612201223e+03
9.418114894376411030e+03 -6.730899258872096880e+02 -2.147921551206509321e+03 3.133293468244085602e+02 7.892516706954450456e+03 5.817582984146592935e+02 3.536600899485084710e+02 -5.342004399449316452e+02 9.669916764100660657e+03
