1.142757744302349920e+03 1.072335045481448560e+03 0.000000000000000000e+00
1.074675371849985595e+03 1.063753356050086040e+03 1.440877891508311905e+03
1.069214596954200033e+03 1.044198738848927405e+03 1.459269608803208484e+03
1.088718234303543795e+03 1.119343007186590285e+03 1.422749719357707363e+03
1.076215386052804206e+03 1.151210835034607271e+03 1.506913298458222471e+03
1.062774314253001421e+03 1.080995710172241843e+03 1.451170173282509495e+03
1.050040303105529802e+03 4.796435256807496899e+02 1.457001222393195576e+03
4.222619944573522162e+02 1.102960142297004040e+03 1.476000142825111425e+03
1.113484861200537580e+03 1.137439598137228813e+03 0.000000000000000000e+00
1.090922753896385984e+03 1.065394707941099568e+03 1.462219842121588272e+03
1.013690016612395311e+03 1.084848662452051030e+03 0.000000000000000000e+00
1.084134918001479946e+03 1.091966301687259602e+03 1.405242182447182358e+03
1.102433295337022400e+03 0.000000000000000000e+00 1.548316801949324599e+03
1.077078068282598679e+03 1.075913902556368384e+03 1.481907827992024977e+03
9.978097675966726001e+02 1.085087147093217027e+03 1.467962795542117419e+03
1.082022351467897806e+03 1.096780665477203002e+03 1.440703389146932295e+03
