-6.503786584169774301e-03 -2.185427390032908626e-04 7.485919552700027166e-07
-2.159297465228148319e-02 8.335809447844694069e-04 -6.362664316870636689e-05
2.175081742268620763e-02 1.822996121558376822e-04 -3.750230361068100372e-05
-6.841254355650169643e-03 -3.551635204203946322e-04 -6.922358392941514054e-05
-6.895527856296419442e-03 6.238350763704005562e-04 3.256958327492533346e-05
-2.196501653783708777e-02 -2.799874628589522820e-03 -4.617898828731733656e-05
-2.223652471390808599e-02 -2.353275272039374866e-02 5.531598136917460561e-05
-1.462488005947381979e-02 9.302054126523416882e-04 2.124796696764601490e-05
6.697121289962420718e-03 1.862824354662235898e-04 4.759515350359689694e-08
2.126226061748330565e-02 1.004073258446508410e-03 2.502142511771656552e-05
2.283525934811199420e-02 -5.001311404244071415e-04 -3.094673912924935427e-07
6.830832588867355275e-03 -8.621979342558102862e-04 -6.202202469315874224e-05
-6.744462933924468689e-03 -2.323591124674882041e-06 5.047318670153159087e-05
2.176932707486718688e-02 7.205699888179277176e-04 -3.273092360318719646e-05
-2.352923933850751062e-02 2.305852864173335917e-03 -6.468264098344301497e-05
6.850515472319997946e-03 -7.541875149287527620e-04 6.559302612911080432e-05
1.010076458839635934e-03 -6.853170176017478812e-03 2.161089703980926905e-07
1.134234359569013043e-03 2.182067391163135250e-02 -5.670276051575027669e-05
-1.944493187866384171e-03 2.209445386921673332e-02 9.107523726640151768e-05
7.282279695399833646e-04 -6.630512391352992412e-03 -5.458175882674138349e-05
-7.443225671652369826e-05 6.409847278608040919e-03 7.972567004576455924e-05
7.357488210775989679e-04 -2.146179813439733769e-02 5.984552328625595457e-05
-1.502250873767040605e-03 -4.752290349219635834e-02 3.614261847824361566e-05
-9.326109340412771717e-03 6.684621676785714242e-03 -6.956577471395164307e-05
-1.057417266337272498e-03 -6.568684856356843058e-03 2.868933104056991618e-08
-2.779283888042539258e-03 -2.198889718738455956e-02 5.896780059688951656e-05
1.150371136058494408e-03 -2.132856486737726848e-02 -1.171553533874770374e-07
-7.031843216601763947e-04 -6.707087007125180252e-03 -6.658545807436636195e-05.
8.658823438111315843e-04 3.945733256614382339e-06 4.037771904724472968e-05
-2.001478851077327648e-03 2.161279290696838801e-02 7.796352731113999628e-05 
1.041433744741129038e-03 2.140762712631951586e-02 -2.476698237773639024e-06 
5.725126533565799757e-05 -6.716181294372611243e-03 -2.825649420474166644e-05 
7.570438654898100782e-05 -3.398515823691245050e-04 8.115552520202229424e-08 
-1.627891679009708936e-04 2.989246913142536719e-04 -2.457481785434785645e-04 
8.423791606269451010e-04 4.600121218317159799e-04 2.436444256032130188e-04 
3.347187336400480337e-04 8.474001352845769686e-05 2.485056505989097003e-04 
1.432814107009549199e-04 1.096920213070843041e-04 2.373441645844042206e-04 
3.764066905196775440e-04 -2.007940870645144680e-04 2.431086730638709582e-04 
2.487385045075483437e-04 -3.177302113512114196e-02 -2.438042062239869148e-04 
-6.396998302748163438e-03 2.213138408193297975e-04 2.391516196756773361e-04 
1.622096852008579853e-04 1.067476812641363580e-04 -2.504950883201159811e-07 
3.794364767050947005e-04 5.478295361354835455e-05 -2.433836759499644151e-04 
4.526994504769423530e-04 -4.226952507368078940e-04 3.429580176470921055e-08 
9.627022351684266018e-05 -3.098490328882428637e-04 -2.522277170116281808e-04 
-2.480260085273163178e-04 4.865343629429381758e-06 2.306931594119591869e-04 
-3.844782995487689824e-04 -3.367041719463919735e-04 2.397333629093134980e-04 
8.772402515385393704e-05 -7.751724407564319734e-05 2.423496786759131232e-04 
-9.137025038197353085e-06 -1.021949392889744681e-05 2.474717929987526851e-04 
