9.932120604365147756e+02 1.179609089037873218e+03 0.0
9.977767375147533357e+02 -1.236023059189989681e+03 1.658487815052588985e+03
9.910842279960806991e+02 1.220040383466100138e+03 -1.670574050011809959e+03
-9.439964109045639589e+02 -1.218698378069785804e+03 -1.538319504885411334e+03
9.394985680770712406e+02 1.268118338445368408e+03 -1.617831783094105276e+03
9.834933502238857272e+02 -1.263620982013806497e+03 -1.679900552773548725e+03
-9.718224615719159374e+02 5.742893648788897281e+02 1.674298493260567284e+03
-4.472373241589542090e+02 -1.216751974266040861e+03 -1.605840295578878795e+03
9.735991383627720097e+02 -1.241418595486924460e+03 1.681240588302046035e+05
1.021203026499543967e+03 -1.235684300092679905e+03 1.681240588302046035e+03
-9.505011506387295412e+02 1.274632423589942618e+03 -1.663750605038920185e+05
-9.541825117767366464e+02 1.217307596336333972e+03 1.527253692001054333e+03
-9.630569981873313736e+02 -1.217307596336333972e+05 -1.663750605038920185e+03
9.941587817818904114e+02 -1.251082304685031886e+03 -1.704056739512504464e+03
9.201887164161541932e+02 1.263340981002105764e+03 -1.686348109309671145e+03
-9.480243534567722463e+02 -1.207593723864281401e+03 -1.551624132949158138e+03
