-2.498589777250297128e-01 -8.395857497768846600e-03 2.875900342920315991e-05 2.916258942141382662e-02 -1.978624353921370760e-01 6.239425856181280843e-06 4.348560575583224758e-02 -1.952152655888395316e-01 4.661681224454954878e-05 0.000000000000000000e+00 0.000000000000000000e+00 0.000000000000000000e+00 0.000000000000000000e+00 0.000000000000000000e+00 0.000000000000000000e+00
-2.498128388799467914e-01 9.643841369990873227e-03 -7.361075819489508931e-04 1.038190987394485738e-02 1.997296837536974290e-01 -5.190135039658703639e-04 -7.755197170099037418e-02 1.424062761696321955e-01 -1.170732428558602795e-01 0.000000000000000000e+00 0.000000000000000000e+00 0.000000000000000000e+00 0.000000000000000000e+00 0.000000000000000000e+00 0.000000000000000000e+00
2.499908481791822679e-01 2.095242389283297636e-03 -4.310289818592721303e-04 -1.753372002718921879e-02 1.992282465754329768e-01 8.212359506340651937e-04 1.701362631739595510e-01 9.290916380804509211e-02 4.920913770521700981e-02 0.000000000000000000e+00 0.000000000000000000e+00 0.000000000000000000e+00 0.000000000000000000e+00 0.000000000000000000e+00 0.000000000000000000e+00
-2.496510383475366579e-01 -1.296062637736723235e-02 -2.526106866914458373e-03 2.183393611014490532e-02 -1.987978902015747895e-01 -1.636485667743879527e-03 1.573633715152181201e-01 3.983934238178478415e-02 1.168314859271693401e-01 0.000000000000000000e+00 0.000000000000000000e+00 0.000000000000000000e+00 0.000000000000000000e+00 0.000000000000000000e+00 0.000000000000000000e+00
-2.489803913259326096e-01 2.252513580896025117e-02 1.176006791374039273e-03 -2.322098484609316088e-03 1.999710516492860801e-01 2.487239615786549386e-03 9.611324544695401539e-02 7.358146542446095117e-02 1.592105900863458046e-01 0.000000000000000000e+00 0.000000000000000000e+00 0.000000000000000000e+00 0.000000000000000000e+00 0.000000000000000000e+00 0.000000000000000000e+00
-2.479928152652718099e-01 -3.161157608680298381e-02 -5.213771313008777825e-04 6.852305670850075518e-03 -1.998818032050367621e-01 5.573638813158914235e-04 1.533157752257366946e-01 -8.178627504345795107e-02 9.902160512457482133e-02 0.000000000000000000e+00 0.000000000000000000e+00 0.000000000000000000e+00 0.000000000000000000e+00 0.000000000000000000e+00 0.000000000000000000e+00
-1.717011213597933184e-01 -1.817100505928920806e-01 4.271268173602774999e-04 -6.319060163461361242e-03 -1.999000909591918118e-01 1.520301200134090071e-04 1.565627390271188838e-03 -1.999879844067385115e-01 -1.534569582957414280e-03 0.000000000000000000e+00 0.000000000000000000e+00 0.000000000000000000e+00 0.000000000000000000e+00 0.000000000000000000e+00 0.000000000000000000e+00
-2.494955783730301302e-01 1.586899424074792245e-02 3.624832331127243062e-04 -1.625529277818815455e-01 1.165121257979648828e-01 -1.212522815292998426e-03 -1.997410482787433661e-01 6.910343956923847668e-03 7.467314035562232916e-03 0.000000000000000000e+00 0.000000000000000000e+00 0.000000000000000000e+00 0.000000000000000000e+00 0.000000000000000000e+00 0.000000000000000000e+00
2.499033447142408049e-01 6.951136416522211807e-03 1.776015027615443344e-06 -3.178648238957180322e-02 -1.974578930723046022e-01 8.624153821967214892e-07 1.670687182248169478e-01 1.099453356326237224e-01 -2.579987334013563068e-04 0.000000000000000000e+00 0.000000000000000000e+00 0.000000000000000000e+00 0.000000000000000000e+00 0.000000000000000000e+00 0.000000000000000000e+00
2.497215382961709418e-01 1.179266509672711495e-02 2.938722689543543740e-04 -2.507934945950169095e-02 -1.984206216443300252e-01 5.321061602919525263e-04 1.671150065215728509e-01 2.412802725214697672e-02 -1.071933435256794270e-01 0.000000000000000000e+00 0.000000000000000000e+00 0.000000000000000000e+00 0.000000000000000000e+00 0.000000000000000000e+00 0.000000000000000000e+00
2.499400609484621616e-01 -5.474113773541852170e-03 -3.387231012447534724e-06 1.077148449221288981e-02 -1.997097271557663756e-01 -1.096982558617293347e-06 1.461827394657692625e-01 -1.364939799391782782e-01 1.107457552435334781e-05 0.000000000000000000e+00 0.000000000000000000e+00 0.000000000000000000e+00 0.000000000000000000e+00 0.000000000000000000e+00 0.000000000000000000e+00
2.480219379835087723e-01 -3.130570099580821247e-02 -2.251968930863367750e-03 -2.085308152394351605e-02 -1.989001003571218285e-01 -1.974606006936688481e-03 4.685067940755017341e-02 -1.507905266475965123e-01 -1.227486493302123449e-01 0.000000000000000000e+00 0.000000000000000000e+00 0.000000000000000000e+00 0.000000000000000000e+00 0.000000000000000000e+00 0.000000000000000000e+00
-2.499929848352095973e-01 -8.612716631182848253e-05 1.870859506721102251e-03 1.997808310660545983e-01 9.103798856803267192e-04 9.316155162957960936e-03 -1.464306962835886239e-01 2.872423176691982043e-03 1.361976518556668736e-01 0.000000000000000000e+00 0.000000000000000000e+00 0.000000000000000000e+00 0.000000000000000000e+00 0.000000000000000000e+00 0.000000000000000000e+00
2.498628770714798886e-01 8.270521634326169144e-03 -3.756773331841290376e-04 -1.844221208063628534e-02 1.991466011397704516e-01 7.183787650079807765e-04 -1.362179714394975427e-01 -1.192919322926196679e-01 8.493585312929560760e-02 0.000000000000000000e+00 0.000000000000000000e+00 0.000000000000000000e+00 0.000000000000000000e+00 0.000000000000000000e+00 0.000000000000000000e+00
-2.488071603002004473e-01 2.438296856737412824e-02 -6.839789417871020970e-04 9.718065269518225135e-03 1.997637571565293868e-01 -2.311113428878549809e-05 6.518774184843231789e-02 -5.760308064686369550e-02 1.800900980417665109e-01 0.000000000000000000e+00 0.000000000000000000e+00 0.000000000000000000e+00 0.000000000000000000e+00 0.000000000000000000e+00 0.000000000000000000e+00
2.484873471342361195e-01 -2.735648953478545670e-02 2.379242426235925190e-03 1.704798492610849888e-03 -1.999909640357998564e-01 -8.414072325613371206e-04 -7.372992718402580567e-03 -8.246475631677347221e-03 1.996938522289320173e-01 0.000000000000000000e+00 0.000000000000000000e+00 0.000000000000000000e+00 0.000000000000000000e+00 0.000000000000000000e+00 0.000000000000000000e+00
